0.06  0.61  0.48  0.50  0.49  0.92  0.37   im
0.44  0.52  0.48  0.50  0.43  0.47  0.54   im
0.63  0.47  0.48  0.50  0.51  0.82  0.84   im
0.23  0.48  0.48  0.50  0.59  0.88  0.89   im
0.34  0.49  0.48  0.50  0.58  0.85  0.80   im
0.43  0.40  0.48  0.50  0.58  0.75  0.78   im
0.46  0.61  0.48  0.50  0.48  0.86  0.87   im
0.27  0.35  0.48  0.50  0.51  0.77  0.79   im
0.52  0.39  0.48  0.50  0.65  0.71  0.73   im
0.29  0.47  0.48  0.50  0.71  0.65  0.69   im
0.55  0.47  0.48  0.50  0.57  0.78  0.80   im
0.12  0.67  0.48  0.50  0.74  0.58  0.63   im
0.40  0.50  0.48  0.50  0.65  0.82  0.84   im
0.73  0.36  0.48  0.50  0.53  0.91  0.92   im
0.84  0.44  0.48  0.50  0.48  0.71  0.74   im
0.48  0.45  0.48  0.50  0.60  0.78  0.80   im
0.54  0.49  0.48  0.50  0.40  0.87  0.88   im
0.48  0.41  0.48  0.50  0.51  0.90  0.88   im
0.50  0.66  0.48  0.50  0.31  0.92  0.92   im
0.72  0.46  0.48  0.50  0.51  0.66  0.70   im
0.47  0.55  0.48  0.50  0.58  0.71  0.75   im
0.33  0.56  0.48  0.50  0.33  0.78  0.80   im
0.64  0.58  0.48  0.50  0.48  0.78  0.73   im
0.54  0.57  0.48  0.50  0.56  0.81  0.83   im
0.47  0.59  0.48  0.50  0.52  0.76  0.79   im
0.63  0.50  0.48  0.50  0.59  0.85  0.86   im
0.49  0.42  0.48  0.50  0.53  0.79  0.81   im
0.31  0.50  0.48  0.50  0.57  0.84  0.85   im
0.74  0.44  0.48  0.50  0.55  0.88  0.89   im
0.33  0.45  0.48  0.50  0.45  0.88  0.89   im
0.45  0.40  0.48  0.50  0.61  0.74  0.77   im
0.71  0.40  0.48  0.50  0.71  0.70  0.74   im
0.50  0.37  0.48  0.50  0.66  0.64  0.69   im
0.66  0.53  0.48  0.50  0.59  0.66  0.66   im
0.60  0.61  0.48  0.50  0.54  0.67  0.71   im
0.83  0.37  0.48  0.50  0.61  0.71  0.74   im
0.34  0.51  0.48  0.50  0.67  0.90  0.90   im
0.63  0.54  0.48  0.50  0.65  0.79  0.81   im
0.70  0.40  0.48  0.50  0.56  0.86  0.83   im
0.60  0.50  1.00  0.50  0.54  0.77  0.80   im
0.16  0.51  0.48  0.50  0.33  0.39  0.48   im
0.74  0.70  0.48  0.50  0.66  0.65  0.69   im
0.20  0.46  0.48  0.50  0.57  0.78  0.81   im
0.89  0.55  0.48  0.50  0.51  0.72  0.76   im
0.70  0.46  0.48  0.50  0.56  0.78  0.73   im
0.12  0.43  0.48  0.50  0.63  0.70  0.74   im
0.61  0.52  0.48  0.50  0.54  0.67  0.52   im
0.33  0.37  0.48  0.50  0.46  0.65  0.69   im
0.63  0.65  0.48  0.50  0.66  0.67  0.71   im
0.41  0.51  0.48  0.50  0.53  0.75  0.78   im
0.34  0.67  0.48  0.50  0.52  0.76  0.79   im
0.58  0.34  0.48  0.50  0.56  0.87  0.81   im
0.59  0.56  0.48  0.50  0.55  0.80  0.82   im
0.51  0.40  0.48  0.50  0.57  0.62  0.67   im
0.50  0.57  0.48  0.50  0.71  0.61  0.66   im
0.60  0.46  0.48  0.50  0.45  0.81  0.83   im
0.37  0.47  0.48  0.50  0.39  0.76  0.79   im
0.58  0.55  0.48  0.50  0.57  0.70  0.74   im
0.36  0.47  0.48  0.50  0.51  0.69  0.72   im
0.39  0.41  0.48  0.50  0.52  0.72  0.75   im
0.35  0.51  0.48  0.50  0.61  0.71  0.74   im
0.31  0.44  0.48  0.50  0.50  0.79  0.82   im
0.61  0.66  0.48  0.50  0.46  0.87  0.88   im
0.48  0.49  0.48  0.50  0.52  0.77  0.71   im
0.11  0.50  0.48  0.50  0.58  0.72  0.68   im
0.31  0.36  0.48  0.50  0.58  0.94  0.94   im
0.68  0.51  0.48  0.50  0.71  0.75  0.78   im
0.69  0.39  0.48  0.50  0.57  0.76  0.79   im
0.52  0.54  0.48  0.50  0.62  0.76  0.79   im
0.46  0.59  0.48  0.50  0.36  0.76  0.23   im
0.36  0.45  0.48  0.50  0.38  0.79  0.17   im
0.00  0.51  0.48  0.50  0.35  0.67  0.44   im
0.10  0.49  0.48  0.50  0.41  0.67  0.21   im
0.30  0.51  0.48  0.50  0.42  0.61  0.34   im
0.61  0.47  0.48  0.50  0.00  0.80  0.32   im
0.63  0.75  0.48  0.50  0.64  0.73  0.66   im
0.71  0.52  0.48  0.50  0.64  1.00  0.99   im
